16
28
30
34
43
44
48
55
56
58
73
76
87
90
91
92
94
95
100
101
103
104
114
119
124
147
166
170
173
176
177
184
185
186
191
197
200
207
218
220
221
226
237
251
264
339
356
368
369
373
376
379
386
387
390
394
396
400
404
405
408
410
411
422
428
435
447
456
468
473
486
502
513
525
526
548
560
569
579
593
654
655
662
676
696
706
715
718
728
734
736
752
785
789
793
809
810
831
834
839
845
877
891
897
949
958
961
963
975
982
1003
1011
1015
1021
1022
1029
1051
1055
1064
1069
1089
1095
1097
1101
1107
1119
1120
1122
1125
1140
1145
1146
1149
1150
1153
1154
1156
1157
1160
1163
1164
1168
1169
1174
1175
1178
1179
1182
1185
1189
1191
1194
1197
1198
1204
1205
1206
1207
1221
1230
1233
1235
1237
1250
1265
1270
1272
1278
1287
1289
1291
1299
1301
1302
1303
1313
1314
1332
1342
1349
1353
1369
1373
1374
1377
1388
1394
1395
1397
1398
1454
1469
1472
1475
1492
1496
1503
1507
1509
1512
1520
1522
1525
1526
1527
1530
1534
1537
1541
1543
1548
1553
1554
1555
1558
1563
1565
1566
1568
1575
1576
1585
1603
1622
1637
1640
1644
1645
1652
1653
1657
1659
1661
1664
1668
1675
1676
1695
1701
1702
1703
1710
1713
1714
1716
1721
1722
1724
1726
1727
1728
1729
1731
1732
1736
1738
1739
1746
1752
1753
1759
1761
1764
1768
1769
1772
1773
1774
1776
1778
1780
1784
1785
1786
1791
1796
1804
1805
1811
1817
1827
1828
1830
1834
1838
1841
1844
1846
1848
1854
1856
1857
1858
1863
1875
1876
1878
1883
1891
1895
1896
1900
1902
1909
1910
1912
1913
1915
1917
1919
1920
1925
1926
1930
1931
1937
1938
1941
1942
1944
1945
1948
1949
1950
1951
1952
1953
1954
1955
1956
1958
1962
1965
1966
1967
1972
1977
1978
1997
2000
2003
2007
2008
2010
2012
2015
2020
2025
2027
2031
2038
2039
2041
2042
2045
2048
2049
2050
2051
2053
2054
2055
2056
2057
2058
2061
2062
2064
2066
2067
2069
2070
2071
2072
2073
2076
2078
2081
2085
2087
2089
2090
2092
2095
2097
2098
2104
2107
2109
2110
2123
2128
2158
2162
2169
2171
2175
2180
2184
2187
2189
2200
2202
2206
2212
2215
2221
2226
2228
2229
2230
2231
2232
2233
2235
2239
2244
2251
2255
2257
2260
2261
2264
2266
2268
2269
2272
2276
2277
2278
2280
2281
2282
2287
2288
2291
2293
2294
2303
2307
2308
2309
2310
2311
2312
2314
2315
2316
2317
2319
2325
2326
2334
2340
2342
2344
2347
2350
2355
2364
2367
2371
2374
2376
2377
2380
2382
2384
2385
2388
2389
2392
2394
2397
2398
2408
2409
2411
2413
2415
2417
2421
2430
2432
2434
2435
2439
2440
2441
2445
2451
2453
2456
2468
2469
2472
2473
2481
2485
2487
2488
2489
2491
2495
2497
2498
2501
2508
2510
2512
2526
2527
2530
2531
2532
2533
2535
2536
2539
2548
2549
2553
2554
2555
2557
2562
2563
2570
2578
2587
2589
2597
2602
2604
2605
2613
2614
2615
2616
2622
2630
2632
2642
2650
2655
2656
2669
2683
2692
2697
2706
2722
2723
2725
2727
2730
2731
2734
2735
2740
2741
2746
2749
2750
2751
2754
2755
2756
2759
2764
2766
2769
2773
2781
2784
2790
2800
2804
2806
2809
2810
2811
2812
2813
2814
2817
2818
2820
2823
2824
2829
2830
2831
2833
2834
2835
2837
2839
2843
2844
2845
2846
2847
2848
2849
2852
2853
2854
2855
2856
2857
2859
2860
2861
2862
2864
2865
2868
2869
2870
2871
2872
2874
2875
2876
2877
2878
2879
2880
2882
2884
2885
2889
2893
2894
2899
2904
2906
2908
2909
2910
2911
2912
2915
2920
2927
2933
2934
2936
2938
2939
2940
2944
