16
24
25
26
30
42
43
44
48
50
53
55
58
71
79
92
93
95
101
104
114
115
119
120
124
125
126
131
132
140
142
148
149
150
158
159
160
161
162
166
167
170
173
177
179
185
186
189
191
194
199
200
205
207
215
218
219
220
223
225
226
229
230
232
237
251
256
263
264
272
279
281
282
283
299
303
304
319
322
338
345
354
356
360
363
367
369
373
376
379
381
382
383
386
387
390
397
401
410
411
423
441
447
456
459
461
468
481
482
498
500
502
512
516
520
569
572
573
582
584
599
603
616
639
662
668
674
686
692
695
706
715
718
722
734
736
738
739
741
746
750
801
802
804
810
815
819
840
856
857
858
861
866
880
884
897
903
912
930
946
951
967
975
976
991
999
1015
1019
1033
1040
1042
1058
1063
1064
1069
1086
1089
1100
1102
1103
1106
1149
1150
1153
1156
1157
1174
1177
1178
1179
1189
1194
1197
1198
1200
1201
1203
1204
1205
1206
1207
1211
1217
1220
1227
1235
1259
1263
1267
1275
1282
1283
1289
1291
1295
1299
1301
1302
1303
1306
1314
1327
1332
1333
1335
1339
1345
1349
1354
1355
1363
1364
1365
1367
1368
1374
1375
1376
1377
1380
1383
1387
1388
1389
1394
1398
1405
1423
1428
1431
1432
1437
1438
1441
1442
1450
1451
1457
1466
1469
1470
1478
1481
1482
1487
1492
1496
1497
1501
1506
1507
1512
1514
1515
1520
1525
1527
1534
1535
1537
1538
1539
1540
1541
1548
1551
1553
1554
1555
1565
1568
1572
1585
1596
1603
1608
1609
1612
1622
1625
1628
1632
1633
1634
1637
1644
1645
1652
1659
1661
1662
1664
1665
1668
1676
1678
1689
1690
1691
1695
1698
1701
1702
1710
1712
1716
1718
1726
1728
1729
1730
1736
1738
1739
1744
1752
1753
1759
1764
1768
1769
1770
1772
1774
1776
1778
1780
1784
1786
1788
1789
1796
1801
1802
1804
1805
1810
1818
1819
1828
1842
1844
1846
1848
1854
1856
1857
1858
1859
1860
1866
1874
1875
1876
1878
1883
1887
1890
1895
1896
1900
1902
1908
1909
1910
1912
1913
1917
1923
1930
1931
1937
1938
1940
1941
1945
1946
1948
1949
1950
1952
1953
1954
1955
1956
1962
1966
1978
1984
1988
1990
1998
2000
2001
2003
2006
2007
2008
2010
2011
2019
2025
2027
2031
2038
2042
2052
2053
2054
2055
2056
2057
2058
2061
2062
2064
2066
2069
2070
2072
2074
2076
2078
2080
2081
2085
2087
2088
2090
2091
2092
2094
2097
2098
2104
2107
2108
2109
2110
2112
2113
2116
2118
2119
2123
2127
2132
2134
2138
2141
2142
2144
2145
2147
2153
2155
2156
2158
2161
2162
2164
2167
2169
2171
2175
2177
2178
2179
2180
2181
2183
2186
2191
2192
2195
2200
2202
2211
2212
2216
2221
2226
2228
2229
2230
2231
2232
2233
2235
2239
2240
2241
2244
2246
2250
2251
2252
2253
2257
2260
2266
2268
2272
2273
2277
2281
2282
2284
2287
2288
2290
2293
2303
2304
2309
2310
2311
2312
2314
2315
2317
2318
2319
2322
2324
2326
2327
2331
2333
2334
2343
2344
2345
2347
2355
2358
2362
2363
2364
2367
2369
2371
2373
2374
2376
2377
2378
2380
2382
2384
2385
2387
2388
2389
2394
2395
2401
2402
2405
2409
2411
2422
2423
2430
2431
2434
2435
2440
2441
2443
2451
2453
2454
2455
2456
2458
2464
2465
2467
2468
2469
2479
2481
2483
2485
2488
2489
2491
2494
2497
2498
2501
2513
2520
2521
2522
2523
2526
2527
2530
2531
2532
2533
2534
2535
2536
2538
2553
2555
2556
2557
2562
2563
2570
2589
2590
2591
2595
2597
2598
2602
2604
2622
2623
2630
2632
2635
2643
2644
2646
2653
2656
2660
2664
2669
2676
2677
2680
2696
2698
2701
2702
2703
2710
2713
2722
2725
2730
2731
2732
2734
2735
2736
2737
2738
2739
2746
2748
2752
2754
2759
2760
2764
2775
2781
2784
2786
2788
2789
2790
2797
2798
2799
2800
2801
2804
2805
2810
2813
2816
2818
2820
2825
2829
2830
2832
2833
2834
2835
2837
2839
2846
2848
2850
2853
2854
2856
2859
2860
2861
2864
2868
2869
2873
2874
2876
2877
2879
2880
2882
2888
2889
2893
2904
2906
2908
2909
2910
2912
2914
2915
2920
2924
2929
2930
2931
2933
2934
2936
2939
2940
