30
37
43
44
48
49
55
58
63
72
83
89
90
91
92
94
95
97
104
106
113
121
124
137
142
157
166
170
171
173
175
177
186
191
199
200
201
202
203
204
207
211
215
216
218
221
225
226
227
234
237
242
243
249
251
256
257
263
264
268
269
270
272
276
278
279
282
288
290
300
301
303
306
309
312
313
317
322
326
332
341
345
356
357
366
368
369
372
373
376
378
386
387
390
396
397
408
410
411
422
423
433
434
438
443
444
447
455
456
457
461
468
470
471
475
490
498
499
502
513
531
549
550
565
569
573
574
579
592
594
600
601
602
605
606
609
616
620
622
644
655
661
662
665
705
706
715
717
718
728
731
734
735
736
738
741
755
756
762
787
793
810
812
830
850
866
875
882
889
897
907
908
912
914
919
921
922
926
928
931
933
934
947
949
957
958
960
963
976
987
990
1003
1011
1015
1019
1020
1022
1025
1029
1055
1057
1069
1085
1087
1107
1116
1129
1145
1146
1149
1153
1154
1156
1160
1174
1175
1178
1179
1182
1189
1190
1197
1198
1201
1204
1205
1206
1207
1208
1209
1210
1214
1216
1218
1219
1221
1224
1225
1226
1227
1232
1235
1237
1245
1267
1273
1274
1286
1288
1289
1291
1295
1299
1301
1302
1303
1306
1314
1339
1354
1360
1364
1365
1366
1374
1379
1385
1388
1394
1398
1420
1423
1426
1437
1441
1445
1451
1452
1456
1460
1461
1469
1470
1474
1477
1481
1482
1487
1490
1492
1496
1497
1505
1512
1513
1514
1520
1524
1527
1528
1531
1532
1534
1536
1537
1541
1542
1543
1545
1546
1547
1548
1551
1552
1553
1554
1555
1565
1568
1585
1587
1603
1616
1622
1637
1645
1652
1655
1659
1661
1664
1668
1695
1701
1717
1726
1728
1729
1732
1736
1738
1739
1742
1752
1753
1754
1764
1769
1772
1773
1774
1776
1778
1780
1786
1788
1790
1791
1796
1804
1805
1811
1817
1827
1828
1844
1848
1852
1854
1855
1856
1858
1859
1860
1863
1864
1865
1868
1869
1870
1871
1872
1874
1875
1876
1878
1881
1883
1887
1891
1895
1896
1899
1900
1902
1903
1909
1910
1912
1917
1920
1926
1930
1931
1937
1938
1940
1941
1942
1948
1949
1952
1953
1954
1955
1956
1958
1962
1966
1974
1978
1986
1994
1995
2003
2007
2008
2010
2013
2014
2022
2025
2027
2031
2038
2042
2050
2053
2054
2056
2057
2058
2061
2062
2066
2069
2070
2071
2072
2076
2078
2081
2084
2085
2087
2090
2092
2097
2098
2099
2104
2106
2107
2109
2112
2115
2116
2123
2130
2138
2141
2151
2152
2158
2161
2162
2169
2178
2179
2181
2183
2191
2196
2201
2202
2205
2206
2211
2212
2216
2221
2226
2228
2229
2230
2231
2232
2233
2235
2238
2239
2244
2250
2251
2257
2260
2261
2266
2267
2268
2272
2276
2277
2279
2281
2282
2284
2287
2288
2291
2293
2294
2303
2304
2309
2310
2311
2312
2314
2315
2317
2318
2319
2321
2324
2326
2327
2330
2331
2334
2340
2343
2344
2354
2357
2361
2362
2364
2367
2369
2374
2376
2377
2378
2382
2384
2385
2388
2389
2394
2405
2409
2426
2429
2430
2434
2435
2440
2441
2442
2447
2451
2453
2455
2456
2458
2459
2460
2462
2463
2464
2465
2467
2468
2479
2485
2487
2488
2489
2491
2497
2498
2501
2505
2508
2512
2518
2519
2520
2521
2522
2524
2526
2527
2530
2531
2532
2533
2535
2536
2538
2540
2548
2551
2555
2557
2562
2570
2571
2581
2588
2589
2590
2597
2598
2604
2630
2632
2639
2645
2652
2653
2656
2664
2669
2693
2722
2725
2730
2731
2734
2735
2746
2754
2759
2764
2772
2781
2784
2799
2800
2804
2806
2814
2816
2818
2820
2824
2830
2832
2833
2834
2835
2837
2839
2842
2845
2846
2847
2848
2849
2850
2853
2854
2856
2859
2861
2868
2869
2872
2875
2876
2877
2880
2882
2888
2890
2891
2894
2901
2904
2906
2908
2909
2912
2915
2927
2930
2931
2933
2934
2936
2939
2940
2944
